------------------------------
height: 7
 nodes: 11

   2   

      4   

         6   

                     10  

               8                 22  

            7     9     12  

                           19  

                              20  

Making a copy...
------------------------------
height: 7
 nodes: 11

   2   

      4   

         6   

                     10  

               8                 22  

            7     9     12  

                           19  

                              20  

Original tree:
height: 7
 nodes: 11

   2   

      4   

         6   

                     10  

               8                 22  

            7     9     12  

                           19  

                              20  

-------------------------------
------------------------------
height: 3
 nodes: 11

             8   

    4                 12  

 2     6           10       20  

          7     9        19    22  

Making a copy...
------------------------------
height: 3
 nodes: 11

             8   

    4                 12  

 2     6           10       20  

          7     9        19    22  

Original tree:
height: 3
 nodes: 11

             8   

    4                 12  

 2     6           10       20  

          7     9        19    22  

------------------------------
height: 7
 nodes: 11

   2   

      4   

         6   

                     10  

               8                 22  

            7     9     12  

                           19  

                              20  

Assigning...
------------------------------
height: 7
 nodes: 11

   2   

      4   

         6   

                     10  

               8                 22  

            7     9     12  

                           19  

                              20  

Original tree:
height: 7
 nodes: 11

   2   

      4   

         6   

                     10  

               8                 22  

            7     9     12  

                           19  

                              20  

-------------------------------
------------------------------
height: 3
 nodes: 11

             8   

    4                 12  

 2     6           10       20  

          7     9        19    22  

Assigning...
------------------------------
height: 3
 nodes: 11

             8   

    4                 12  

 2     6           10       20  

          7     9        19    22  

Original tree:
height: 3
 nodes: 11

             8   

    4                 12  

 2     6           10       20  

          7     9        19    22  

